247 437 0
738 339 1
789 212 2
528 337 3
446 525 4
48 3820 0
130 3692 1
43 3670 2
95 3550 3
134 3585 4
88 3743 0
45 3529 1
129 3431 2
70 3316 3
156 3269 4
46 3195 0
52 3428 1
131 3179 4
72 3065 0
62 3144 1
102 3347 2
76 3635 3
124 3006 4
50 2938 0
92 2872 1
56 2807 2
117 2740 3
41 2698 4
118 2644 0
69 2583 1
124 2482 2
59 2421 3
113 2327 4
38 2284 0
104 2164 1
106 2217 2
182 2084 3
129 2035 4
37 2079 0
66 1936 1
119 1984 2
128 1868 3
43 1848 4
122 1761 0
43 1702 1
118 1635 2
48 1573 3
115 1527 4
50 1414 0
130 1370 1
143 1275 2
172 1171 3
73 1207 4
38 1122 0
134 1026 1
53 1317 2
148 947 3
42 939 4
53 807 0
132 868 1
168 802 2
129 707 3
69 685 4
49 610 0
128 551 1
42 461 2
116 382 3
59 301 4
66 219 0
133 198 1
101 97 2
45 74 3
188 68 4
193 543 0
231 633 1
299 532 2
378 428 3
297 321 4
240 237 0
186 295 1
298 132 2
414 125 3
421 225 4
417 332 0
565 89 1
388 46 2
671 58 3
648 301 4
640 158 0
561 231 1
647 318 2
580 388 3
871 357 4
1012 344 0
1033 264 1
858 269 2
716 222 3
798 122 4
792 60 0
891 41 1
906 192 2
932 303 3
991 161 4
977 86 0
1090 77 1
1200 380 2
1244 290 3
1199 73 4
1320 76 0
1335 298 1
1378 212 2
1387 136 3
1428 72 4
1488 52 0
1557 54 1
1321 379 2
1408 359 3
1438 265 4
1505 157 0
1630 159 1
1500 338 2
1516 241 3
1612 213 4
1675 53 0
1639 286 1
1732 269 2
1785 188 3
1781 60 4
1844 232 0
1887 56 1
1928 227 2
1878 137 3
2018 213 4
1983 118 0
1976 57 1
841 1029 2
891 938 3
1007 846 4
1138 848 0
1259 816 1
1440 793 2
1534 784 3
1583 807 4
914 1044 0
988 950 1
1235 930 2
1401 898 3
1515 873 4
1055 962 0
1143 943 1
1042 1076 2
756 1019 3
700 1401 4
691 1503 0
670 1644 1
658 1753 2
679 1886 3
698 1946 4
752 1970 0
680 1818 1
797 1840 2
758 1736 3
770 1647 4
780 1522 0
813 1421 1
909 1992 2
865 1545 3
946 1468 4
1022 1445 0
1071 1441 1
1975 762 2
2107 760 3
2227 785 4
2384 803 0
2511 810 1
2568 838 2
2620 902 3
2655 1044 4
2644 1108 0
2308 881 1
2253 886 2
2156 873 3
2076 843 4
2018 831 0
2355 2116 1
2322 2046 2
2242 2019 3
2226 1942 4
2241 1894 0
2176 1844 3
2011 1856 4
2054 1838 0
1910 1799 1
1869 1770 2
1834 1705 3
1872 1567 4
1946 1524 0
1771 1802 1
1934 1944 2
2054 1973 3
2133 1964 4
1822 1857 0
1741 1674 1
1779 1602 2
1881 1482 3
1949 1426 4
1823 1434 0
1678 1609 1
2281 1391 2
2366 1459 3
2387 1540 4
2443 1573 0
2494 1511 1
2474 1397 2
2398 1362 3
2664 1907 4
2695 1835 0
2769 1778 1
2871 1685 2
2892 1600 3
2888 1556 4
2803 1541 0
2730 1692 1
2040 1046 4
1976 1108 0
2096 1125 1
1449 1153 2
993 2027 3
823 1968 4
