736 688 0 68
1775 539 1 2 11 
1759 936 2 
1423 1031 3 2 4 
1136 1276 4 68 
1641 1311 5 6 2 4 42 
2075 1250 6 
2394 1210 7 8 6 
2768 1281 8 14 11 
2459 1863 9 6 8 10 
2649 2145 10 22 21 39 
2720 593 11 
3353 503 12 66 11 
3575 1148 13 61 12 14 
3191 1559 14 
3865 1393 15 61 13 16 17 14 
4451 1488 16 60 17 
3926 1946 17 
3885 2228 18 17 19 
3380 2329 19 
3605 2644 20 23 18 19 
3053 2138 21 19 22 
2949 1891 22 14 
3653 3009 23 
4216 3436 24 25 23 
4533 3404 25 
4485 2490 26 16 25 
3703 3583 27 28 24 29 
3578 3629 28 23 
4189 4223 29 
4475 3841 30 25 29 
3823 4520 31 29 32 
3551 4438 32 59 
3456 3853 33 32 28 36 
2366 4591 34 35 59 50 
2375 4029 35 
2859 3909 36 35 
2023 3758 37 38 35 
1896 3094 38 
2396 2464 39 41 47 40 
2963 2894 40 
1874 2093 41 
1406 1805 42 41 43 
1083 2346 43 44 
419 2104 44 
1070 2776 45 48 46 43 
1641 2625 46 
2044 2806 47 46 38 
765 3201 48 58 
1326 3659 49 48 38 
1803 4558 50 49 
1430 4633 51 50 
1118 4648 52 51 
1104 3876 53 49 54 
879 4149 54 52 56 
684 4339 55 54 56 52 
368 3948 56 
364 3639 57 56 58 
368 3353 58 
3011 4565 59 
4514 1071 60 63 
3841 1026 61 
4040 838 62 65 60 61 
4263 595 63 64 65 62 
4360 484 64 
3936 483 65 66 
3548 483 66 
1010 603 67 0 1 
460 1151 68 69 0  
385 1623 69 44 
409 2713 70 44 58 
3048 3155 71 
3048 3155 72 40 
