247 437 0
738 339 1
789 212 2
528 337 3
446 525 4
48 3820 0
130 3692 1
43 3670 2
95 3550 3
134 3585 4
88 3743 0
45 3529 1
129 3431 2
70 3316 3
156 3269 4
46 3195 0
52 3428 1
131 3179 4
72 3065 0
62 3144 1
102 3347 2
76 3635 3
124 3006 4
50 2938 0
92 2872 1
56 2807 2
117 2740 3
41 2698 4
118 2644 0
69 2583 1
124 2482 2
59 2421 3
113 2327 4
38 2284 0
104 2164 1
106 2217 2
182 2084 3
129 2035 4
37 2079 0
66 1936 1
119 1984 2
128 1868 3
43 1848 4
122 1761 0
43 1702 1
118 1635 2
48 1573 3
115 1527 4
50 1414 0
130 1370 1
143 1275 2
172 1171 3
73 1207 4
38 1122 0
134 1026 1
53 1317 2
148 947 3
42 939 4
53 807 0
132 868 1
168 802 2
129 707 3
69 685 4
49 610 0
128 551 1
42 461 2
116 382 3
59 301 4
66 219 0
133 198 1
101 97 2
45 74 3
188 68 4
193 543 0
231 633 1
299 532 2
378 428 3
297 321 4
240 237 0
186 295 1
298 132 2
414 125 3
421 225 4
417 332 0
565 89 1
388 46 2
671 58 3
648 301 4
640 158 0
561 231 1
647 318 2
580 388 3
871 357 4
1012 344 0
1033 264 1
858 269 2
716 222 3
798 122 4
792 60 0
891 41 1
906 192 2
932 303 3
991 161 4
977 86 0
1090 77 1
1200 380 2
1244 290 3
1199 73 4
1320 76 0
1335 298 1
1378 212 2
1387 136 3
1428 72 4
1488 52 0
1557 54 1
1321 379 2
1408 359 3
1438 265 4
1505 157 0
1630 159 1
1500 338 2
1516 241 3
1612 213 4
1675 53 0
1639 286 1
1732 269 2
1785 188 3
1781 60 4
1844 232 0
1887 56 1
1928 227 2
1878 137 3
2018 213 4
1983 118 0
1976 57 1
841 1029 2
891 938 3
1007 846 4
1138 848 0
1259 816 1
1440 793 2
1534 784 3
1583 807 4
914 1044 0
988 950 1
1235 930 2
1401 898 3
1515 873 4
1055 962 0
1143 943 1
1042 1076 2
756 1019 3
700 1401 4
691 1503 0
670 1644 1
658 1753 2
679 1886 3
698 1946 4
752 1970 0
680 1818 1
797 1840 2
758 1736 3
770 1647 4
780 1522 0
813 1421 1
909 1992 2
865 1545 3
946 1468 4
1022 1445 0
1071 1441 1
1975 762 2
2107 760 3
2227 785 4
2384 803 0
2511 810 1
2568 838 2
2620 902 3
2655 1044 4
2644 1108 0
2308 881 1
2253 886 2
2156 873 3
2076 843 4
2018 831 0
2355 2116 1
2322 2046 2
2242 2019 3
2226 1942 4
2241 1894 0
2176 1844 3
2011 1856 4
2054 1838 0
1910 1799 1
1869 1770 2
1834 1705 3
1872 1567 4
1946 1524 0
1771 1802 1
1934 1944 2
2054 1973 3
2133 1964 4
1822 1857 0
1741 1674 1
1779 1602 2
1881 1482 3
1949 1426 4
1823 1434 0
1678 1609 1
2281 1391 2
2366 1459 3
2387 1540 4
2443 1573 0
2494 1511 1
2474 1397 2
2398 1362 3
2664 1907 4
2695 1835 0
2769 1778 1
2871 1685 2
2892 1600 3
2888 1556 4
2803 1541 0
2730 1692 1
2040 1046 4
1976 1108 0
2096 1125 1
1449 1153 2
993 2027 3
823 1968 4
98 3892 0
46 3955 1
83 4035 2
62 4085 3
76 4123 4
46 4192 0
47 4964 1
61 4924 2
43 4864 3
20 4797 4
47 4745 0
40 4692 1
51 4604 2
28 4532 3
33 4459 4
46 4386 0
40 4289 1
55 4242 2
99 4839 3
145 4916 4
396 4969 0
310 4969 1
236 4938 2
176 4961 3
474 4961 4
564 4973 0
648 4951 1
737 4945 0
816 4962 1
902 4951 2
1016 4936 3
1082 4962 4
1149 4928 0
936 4922 1
1235 4945 2
1347 4916 3
1439 4956 4
1515 4910 0
1582 4948 1
1426 4871 2
1278 4865 3
1534 4848 4
1633 4873 0
1688 4945 1
1817 4934 2
742 4910 3
859 4921 4
623 2954 0
636 2852 1
748 2937 2
813 2847 3
857 2724 4
650 2718 0
736 2772 1
755 2704 2
647 2626 3
892 2601 4
690 2410 0
652 2512 1
680 2580 2
783 2441 3
775 2560 4
816 2507 0
2108 2521 1
1954 2554 2
2053 2475 3
1928 2399 4
1794 2338 0
1628 2326 1
1314 2521 2
1382 2536 3
1487 2468 4
1293 2440 0
1392 2359 1
1506 2331 2
1594 2338 3
1622 2384 4
1779 2441 0
1827 2488 1
1916 2559 2
1979 2468 3
1392 2423 4
1414 2236 0
1532 2235 1
1783 2303 2
2067 2438 3
2152 2050 4
2247 2109 0
2332 2179 1
1645 1727 2
1443 2091 3
1591 2182 4
1751 2264 0
1691 2249 1
1856 2329 2
1410 2174 3
1803 1526 4
603 3462 0
898 3739 4
829 3836 0
594 3552 4
644 3603 0
677 3522 1
739 3576 2
811 3653 3
813 3755 4
746 3683 0
849 3651 2
703 3474 3
785 3526 4
842 3579 0
930 3690 1
1188 4174 2
1282 4121 3
1222 4251 4
1396 4204 0
1448 4285 1
1473 4360 2
1338 4410 3
1287 4210 4
1338 4339 0
1361 4269 1
1407 4336 2
1288 4080 3
1361 4129 4
1473 4247 0
1508 4361 1
1283 4297 2
916 3614 3
1318 3341 0
1309 3240 1
1228 3119 2
1399 3209 3
1389 3268 4
1389 3153 0
1232 2983 1
1275 3043 2
1328 3100 3
1395 2931 4
1492 2878 0
1420 3070 1
1465 3015 2
1615 2943 3
1737 2905 4
1658 2859 0
1604 2829 1
1553 2929 2
1547 3033 3
1492 3114 4
1120 171 0
1226 180 1
1235 284 2
1138 308 3
1825 4835 0
1935 4864 1
1938 4921 2
1755 4885 3
2034 4833 4
2356 4868 0
2353 4931 1
2225 4910 2
2254 4859 3
2154 4858 4
2078 4926 0
2195 4931 1
2476 4868 2
2618 4880 3
2579 4878 4
2489 4933 0
2596 4941 1
2425 4900 2
2648 4853 3
2691 4938 4
2770 4851 0
2793 4935 1
2836 4863 2
3196 4935 3
3095 4868 4
2989 4923 0
2870 4859 1
2900 4939 2
2976 4860 3
3089 4933 4
3264 4875 0
3210 4863 1
3299 4925 2
3378 4869 3
3330 4790 4
3199 4794 0
3284 4811 1
3096 4824 2
3419 4824 3
3464 4858 4
3549 4901 0
3461 4928 1
3684 4934 2
3600 4929 3
3710 4855 4
3796 4821 0
3880 4786 1
3838 4921 2
3778 4929 3
3958 4905 4
3951 4871 0
3980 4764 1
4038 4698 2
4028 4885 0
4209 4923 1
4846 4915 2
4924 4873 3
4926 4870 4
4729 4910 0
4819 4825 1
4920 4739 2
4635 4948 3
4668 4944 4
4658 4836 0
4571 4911 1
4266 4766 2
4095 4824 3
4425 4596 4
4700 4406 0
4744 4614 1
4530 4896 2
4413 4941 3
4314 4929 4
4476 4925 0
4398 4895 1
4136 4923 2
4390 4829 3
4536 4771 4
4881 4720 0
4725 4713 1
4726 4763 2
4640 4698 3
4634 4689 4
4431 4761 0
4198 4654 1
4179 4731 2
4351 4684 3
4504 4651 4
4598 4596 0
4633 4549 1
4676 4481 2
4581 4515 3
4780 4518 4
4869 4571 0
4951 4644 1
4845 4638 2
4765 4304 3
4806 4173 4
4760 4123 0
4770 4288 1
4831 4380 2
4846 4434 3
4920 4500 4
4926 4353 0
4880 4270 1
4916 4175 2
4930 4061 1
4838 4059 2
4884 3949 3
4955 3978 4
4929 3864 0
4859 3941 1
4850 3581 2
4929 3546 3
4896 3778 4
4936 3708 0
4888 3663 1
4938 3560 2
4859 3493 3
4918 3476 4
4929 3393 0
4855 3373 1
4860 3280 2
4799 3261 3
4799 3406 4
4781 3518 0
4784 3679 1
4933 3234 2
4891 3165 3
4866 3104 4
4945 3095 0
4844 2999 1
4914 3018 2
4831 2926 3
4803 2876 4
4899 2888 0
4948 2813 1
4886 2764 2
4814 2786 3
4830 2666 4
4953 2705 0
4924 2619 1
4811 2539 2
4768 2479 3
4728 2405 4
4695 2311 0
4693 2254 1
4768 2215 2
4875 2215 3
4943 2278 4
4893 2489 0
4858 2404 1
4784 2323 2
4888 2318 3
4945 2405 4
2149 173 0
2059 86 1
1726 150 2
2251 193 3
2331 270 4
2404 269 0
2261 200 1
2169 75 2
2278 58 3
2471 43 4
2353 65 0
2231 88 1
2410 211 2
2509 240 3
2445 189 4
2323 149 0
2510 256 1
2613 250 2
2833 204 3
2638 155 4
2513 161 0
2574 49 1
2700 98 2
2754 224 3
2744 224 4
2733 165 0
2771 94 1
2858 68 2
2850 198 3
2880 248 4
3028 225 0
2843 143 1
2965 65 2
2968 149 3
3061 71 4
3123 151 0
3166 243 1
3343 178 2
3200 135 3
3173 63 4
3266 85 0
3280 234 1
3375 91 2
3481 74 3
3481 141 4
1089 3015 0
1166 3074 1
1143 3174 2
1180 3254 3
1260 3286 4
1061 3161 0
4920 2139 1
4826 2116 2
4781 2034 3
4914 2040 4
4878 1956 0
4815 1895 1
4934 1864 2
4864 1780 3
4930 1698 4
4831 1633 0
4898 1544 1
4840 1453 2
4925 1393 3
4769 1510 4
4770 1671 0
4908 1334 1
4799 1360 2
4768 1093 3
4784 1149 4
4808 1258 0
4898 1234 1
4750 1204 2
4721 1136 3
4910 1083 4
4945 1156 0
4860 1141 1
4863 1026 2
4930 976 3
3621 58 0
3596 131 1
3699 118 2
3906 81 3
3753 56 4
3829 94 0
4009 59 1
4019 139 2
4146 111 3
4098 61 4
4266 58 0
4391 68 1
4290 104 2
4475 55 3
4560 58 4
4583 59 0
4684 94 1
4720 55 2
4918 75 3
4860 68 4
4806 64 0
4828 151 1
4936 176 2
4894 273 3
4936 313 4
4936 396 0
4871 914 1
4916 860 2
4928 790 3
4880 725 4
4934 641 0
4909 581 1
4283 1258 2
4281 1166 3
4313 1083 4
4066 1151 0
4104 1029 1
4085 1076 2
4175 1131 3
4213 1226 4
4160 1264 0
4120 1209 1
4009 1138 2
4183 1066 3
4268 1073 4
3634 266 0
3699 270 2
3801 226 3
3608 184 4
3821 169 0
3735 689 1
3826 644 2
3629 680 3
3679 744 4
3823 736 0
3815 781 1
3728 850 2
3770 835 3
3738 791 4
3599 733 0
3548 656 1
3664 830 2
3180 755 0
3106 763 1
2965 804 2
3078 819 3
3179 835 4
3229 903 0
3319 1029 1
3256 1130 2
3200 1070 3
3121 950 4
3048 948 0
3101 1043 1
3250 964 2
3134 1169 3
3049 1104 4
4043 1598 0
4051 1664 1
4129 1626 2
4121 3940 3
4104 3788 4
4170 3846 0
4223 3760 1
4169 3704 2
4255 3655 3
4189 3625 4
3860 4029 0
3894 4120 1
3750 4251 2
3843 4210 3
3773 4120 4
3723 4035 0
3795 4025 1
3806 3948 2
3724 3915 3
3353 4228 4
3328 4088 0
2538 4338 1
2633 4339 2
2790 4299 3
2696 4238 4
2879 4286 0
3066 4331 1
3228 4340 2
3354 4314 3
3249 4259 4
3119 4239 0
2974 4275 1
2911 4206 2
2755 4190 3
2783 4195 4
3021 4160 0
3193 4160 1
3281 4230 2
3259 4189 3
3226 4105 4
3136 4061 0
2951 4101 1
2828 4111 2
3091 4119 3
2635 4263 4
2780 2350 0
2925 2319 1
3100 2351 2
3196 2383 3
3199 2465 4
3085 2461 0
3000 2405 1
3013 2338 2
2869 2436 3
2310 3128 4
2371 3169 0
2405 2926 1
2315 3054 2
2425 3056 3
2505 3170 4
2605 3141 0
2549 3039 1
2484 2888 2
2748 2490 3
2923 2539 4
3010 2603 0
2894 2550 1
2608 2949 2
2473 2826 3
2723 3056 4
2964 2551 0
2605 2829 1
2694 2934 2
2718 3205 3
2620 3229 4
2554 3279 0
2416 3223 1
2479 3326 2
2613 3445 3
2683 3488 4
2666 3170 0
2676 3315 1
2693 3383 2
2511 3350 3
2790 3448 4
2746 3279 0
2828 3365 1
3059 3455 2
3145 2580 3
3061 2626 4
3094 2716 0
3171 2776 1
3225 2848 2
3315 2766 3
3428 2791 4
3426 2886 0
3369 2884 1
3418 2970 2
2918 3438 3
3155 3396 4
3213 3314 0
3274 3233 1
3373 3154 2
3400 3100 3
3349 3033 4
3284 2888 0
2993 3416 1
3456 3093 2
3295 2051 0
3420 2083 1
3439 1934 2
3389 1999 3
3526 1886 4
3561 1780 0
3570 1680 1
3546 2001 2
3626 1845 3
3671 1711 4
3724 1813 0
3705 1878 1
3611 1943 2
3504 2181 3
3540 2098 4
3724 2006 0
3659 2014 1
4321 1853 2
4243 1916 3
4128 1986 4
4288 1974 0
4280 2066 1
4281 2194 2
4218 2069 3
4235 2234 4
4249 2340 0
4168 2375 1
4055 2409 2
4004 2450 3
4175 2309 4
3996 2530 0
3965 2581 1
3815 2665 2
3863 2630 3
4161 2448 4
4086 2526 0
4099 2619 1
4063 2623 2
3984 2663 3
4028 2700 4
4061 2754 0
3891 2774 1
3945 2764 2
4040 2808 3
3930 2858 4
4115 2913 0
4176 2886 1
4103 2726 2
4115 2791 3
4175 3033 4
4210 3156 0
3761 3258 1
3770 3331 2
3870 3351 3
3969 2894 0
3925 2955 1
3994 3008 2
4118 3130 3
4265 3199 4
4050 3000 0
2910 3531 0
2996 3544 1
3160 3555 2
3276 3434 3
3178 3474 4
3328 3303 0
3418 3254 1
3416 3334 2
3356 3391 3
3096 3575 4
2974 3583 0
2896 3604 1
2829 3650 2
2710 3734 3
2795 3546 4
2721 3680 0
2651 3605 1
2604 3545 2
2598 3684 3
2346 3248 4
2280 3328 0
2244 3426 1
2358 3363 2
2493 3414 3
2543 3481 4
2356 3471 0
2258 3519 1
2206 3581 2
2143 3635 3
2166 3538 4
2153 3419 0
2233 3305 1
2233 3063 2
2228 3178 3
1923 4363 4
2018 4363 0
2148 4389 1
2119 4278 2
2123 4183 3
2130 4106 4
1844 3679 0
1760 3735 1
1725 3811 2
1859 3795 3
1790 3889 4
1723 3913 0
1721 3974 1
1739 4035 2
1816 4134 3
1876 4300 4
2014 4333 0
1969 4255 1
1885 4168 2
1814 4053 3
1783 3971 4
2049 4205 0
1908 3913 1
2038 3991 2
2071 4068 3
1965 4088 4
1898 4016 0
853 1643 1
841 1760 2
700 1570 3
748 1869 4
93 1073 0
203 701 1
159 493 2
353 241 3
294 101 4
485 433 0
