-182 976
391 4183
354 3854
340 3601
365 3280
363 2835
386 2440
363 2081
368 1698
420 1244
513 908
748 744
1048 645
1413 575
1798 539
2110 540
2429 580
2778 563
3135 540
3345 519
3569 475
3898 450
4148 410
4469 374
466 4526
710 4308
900 4096
1128 3849
1365 3618
1596 3376
1910 3045
2121 2786
2385 2528
2490 2355
2653 2175
2854 1993
3008 1834
3285 1479
3473 1273
3678 1141
3795 1038
4005 863
4131 754
4210 661
4274 583
4378 474
4470 381
459 4525
791 4623
1065 4635
1403 4624
1708 4591
2023 4599
2345 4614
2739 4586
3415 4520
3750 4485
4074 4378
4274 4189
4485 3803
4503 3424
4495 2891
4489 2464
4489 2021
4495 1599
4490 1329
4506 1019
4529 835
4524 669
4469 380
